2
0
100
4
54
44
91
99
5
0
4
3
104
0
0
14
0
59
0
0
0
0
0
1
2
4
4
4
0
6
0
47
0
52
0
81
0
0
104
97
0
107
3
0
3
0
44
0
6
4
123
0
1
1
99
44
5
7
2
0
0
0
4
4
104
1
0
2
13
2
3
7
4
53
7
0
1
0
0
0
1
2
45
0
0
117
99
5
0
0
55
2
4
118
55
0
0
7
0
3
0
0
1
0
1
1
2
114
96
1
104
1
4
1
1
0
0
13
3
0
4
132
61
5
54
47
41
2
65
9
94
8
5
44
124
123
1
61
0
1
9
0
7
50
0
0
0
0
82
13
1
0
61
54
8
0
3
65
56
1
1
2
0
51
0
0
50
3
0
0
11
0
95
52
41
0
0
1
4
0
0
117
3
2
2
1
8
44
2
51
0
0
3
115
6
0
6
0
1
0
63
0
0
0
1
7
57
8
5
1
92
49
0
1
47
0
0
1
4
57
0
0
0
0
5
9
0
1
53
56
0
6
0
98
0
0
98
106
0
0
0
3
0
60
0
1
60
44
54
0
0
2
0
0
0
0
96
0
0
1
0
3
74
1
3
103
7
0
1
61
4
0
56
0
9
0
1
104
95
55
0
0
89
90
0
5
0
2
0
60
121
9
0
3
1
0
5
93
7
0
0
94
5
13
64
59
0
111
18
1
51
114
0
0
0
10
0
59
2
0
0
60
87
0
2
0
7
0
0
0
0
0
1
0
5
3
41
15
0
3
0
100
1
1
0
50
53
0
5
0
0
0
3
0
56
0
60
5
1
1
2
0
3
49
11
0
110
1
53
2
1
0
0
0
0
9
7
2
0
2
0
1
1
54
1
0
0
0
0
89
47
49
1
4
0
0
60
3
0
59
52
0
0
4
1
112
0
2
42
55
0
51
10
112
0
5
0
10
5
1
19
0
0
0
108
0
1
11
53
0
7
2
109
0
7
58
0
1
9
3
4
45
0
0
0
2
7
0
5
0
89
0
5
0
0
1
4
0
1
1
6
0
52
0
0
6
0
0
54
43
3
9
0
117
0
49
5
59
1
53
5
2
0
5
0
101
0
6
0
106
2
1
53
0
13
0
3
0
111
7
5
2
44
2
3
5
1
1
58
0
1
0
49
60
50
94
16
0
59
91
0
116
1
0
50
49
0
52
97
101
4
11
0
2
0
4
0
4
0
0
6
52
5
94
0
1
0
97
1
1
0
0
2
0
0
95
110
0
0
1
2
0
9
7
0
52
4
2
50
0
1
7
1
5
3
69
0
0
7
60
1
2
0
0
58
0
0
103
9
0
114
1
97
11
96
0
51
5
5
8
3
5
2
0
0
4
1
1
2
1
1
0
61
115
0
101
101
0
107
11
6
0
10
8
2
3
101
4
0
0
0
0
2
8
78
94
63
97
0
45
1
109
0
0
100
4
0
7
104
0
0
0
2
0
8
1
0
10
4
95
110
1
101
5
0
0
4
0
4
49
0
0
54
39
1
16
1
2
0
0
3
0
54
8
85
0
7
7
57
5
0
54
0
0
0
0
0
1
0
2
107
6
10
0
0
1
0
0
1
0
0
3
49
6
0
0
2
101
118
3
0
0
94
97
0
0
64
2
1
0
51
0
0
0
1
7
20
1
0
0
1
59
0
3
50
10
5
10
0
2
0
54
1
0
13
0
100
0
3
0
0
46
122
56
0
61
52
66
49
48
0
0
10
3
0
123
6
6
46
0
0
0
5
0
0
0
98
43
53
54
1
52
0
0
14
50
3
96
0
3
0
0
120
3
49
0
0
95
0
10
8
53
97
0
15
2
55
4
1
5
5
45
5
0
1
2
61
0
0
1
0
0
0
0
59
1
2
0
5
0
6
45
0
1
2
48
0
1
121
0
0
4
0
0
0
0
3
13
8
0
0
0
102
5
0
0
0
51
0
0
1
0
52
103
1
0
1
0
6
5
122
0
0
0
3
47
0
0
4
96
0
0
0
0
3
0
0
109
5
0
1
2
0
113
53
0
0
0
0
6
110
1
5
0
103
62
0
0
1
0
1
60
10
56
0
0
0
7
2
66
1
0
56
3
6
107
0
101
3
0
2
0
0
55
7
0
49
0
0
50
1
63
6
0
55
9
0
0
0
49
13
1
1
3
0
53
0
93
0
59
2
58
1
0
0
56
0
106
97
0
5
0
0
106
5
112
2
0
87
117
6
2
0
0
7
0
0
59
0
0
