50
9 2 16 24 7 15 44 46 30 39
44 24 21 2 10 45 13 15 47 22 40 49 4 14 41 16 11 39 12 5 27 29 37 26 3 44 17 6 8 0 46 34 38 25 33 18 1 32 19 48 23 30 35 28 43
43 8 46 5 0 49 13 10 41 19 9 11 25 30 6 26 28 22 29 35 17 27 15 44 33 2 24 43 42 39 23 4 48 16 1 32 14 18 37 36 31 7 21 40
28 37 45 35 33 19 14 44 31 0 42 3 5 32 17 49 30 8 38 2 46 39 9 36 26 20 1 34 23
7 20 17 10 19 49 35 28
36 46 7 10 35 15 27 43 21 23 49 5 44 36 38 11 20 31 28 13 18 2 6 4 19 26 3 8 9 32 22 14 37 12 25 30 47
43 5 14 25 39 41 16 22 29 6 30 17 2 32 45 35 4 0 48 3 47 36 19 11 15 31 7 46 33 34 43 38 44 26 49 1 23 18 12 37 28 9 8 24
23 16 48 39 30 32 22 31 9 47 40 15 42 38 5 8 3 18 34 29 28 21 41 2
16 17 34 49 27 31 2 21 29 26 25 5 16 23 7 41 37
38 18 26 38 0 6 10 12 44 30 8 41 13 1 19 27 22 29 32 9 11 47 48 25 46 7 36 43 4 28 2 33 16 20 35 42 24 17 49
49 8 30 26 45 27 29 32 20 40 22 13 36 48 42 35 37 12 4 23 19 0 5 34 1 41 14 38 16 49 18 3 44 21 43 10 46 6 47 7 24 9 39 31 15 33 28 25 17 11
46 22 40 19 10 34 9 20 6 7 14 49 24 25 18 46 16 37 13 35 42 2 5 36 38 0 30 11 27 32 39 21 29 12 41 45 43 8 1 44 31 3 28 17 15 26 48
48 41 18 9 32 43 7 39 45 0 10 1 13 44 33 36 19 5 20 40 49 3 24 35 29 4 27 8 30 25 22 15 6 42 37 28 34 46 14 48 2 31 16 21 47 11 26 12 38
38 40 10 22 15 0 7 47 24 2 42 36 45 48 28 6 12 20 1 14 18 13 37 23 33 46 44 43 35 16 49 21 25 34 30 3 26 31 8
20 9 10 17 25 15 2 27 29 33 38 14 22 49 48 12 44 19 39 32 45
42 35 21 16 44 12 4 7 46 8 6 13 1 18 27 14 5 45 24 29 15 34 26 42 30 0 37 9 20 25 48 17 22 47 3 10 43 11 32 19 2 36 31
21 39 14 34 13 46 18 27 6 40 29 23 5 32 36 42 47 2 12 24 43 41
12 21 49 37 47 26 48 38 6 15 41 18 35
27 35 10 14 23 34 40 15 3 43 24 26 33 48 49 1 38 2 6 7 9 21 45 17 32 31 19 39
26 15 49 34 31 38 42 28 17 27 0 11 47 16 9 10 36 26 37 43 32 3 45 1 24 41 18
8 5 36 15 34 33 27 8 40
31 36 32 38 27 46 16 35 4 33 26 17 44 45 14 13 40 0 24 12 34 7 21 15 6 22 3 5 48 2 11 37
7 29 16 21 48 31 33 0
43 10 9 14 31 0 37 22 44 32 20 2 4 40 12 3 11 43 30 1 41 15 16 39 26 17 5 36 18 33 13 35 19 45 21 29 6 25 46 38 24 47 23 34
6 45 20 0 36 47 14
31 19 14 34 39 9 37 7 36 15 25 33 12 20 40 42 22 3 47 30 48 31 0 29 27 46 49 23 18 6 2 38
32 7 8 15 37 17 48 31 41 35 27 14 6 4 23 24 20 47 42 38 0 40 12 36 46 49 13 44 9 32 1 45 25
10 34 23 36 16 24 49 38 19 18 45
31 1 16 40 45 11 28 38 12 33 26 9 35 7 4 37 3 48 20 49 41 46 47 17 34 8 19 21 5 15 31 27
24 9 45 17 31 39 38 6 30 32 12 26 47 49 34 23 44 29 22 0 18 4 24 7 19
19 28 14 26 27 39 11 3 25 7 29 23 32 48 19 22 41 1 44 38
5 30 8 39 3 45
15 32 16 49 48 17 30 47 3 43 12 46 20 22 14 27
38 29 16 40 30 48 2 32 17 45 18 13 20 7 34 3 23 36 11 1 21 37 31 0 15 22 4 47 9 42 38 46 41 49 44 27 19 6 33
40 31 43 39 2 17 15 37 7 6 11 1 10 48 41 26 21 33 19 38 35 47 16 12 24 44 30 0 3 23 36 28 49 13 8 25 14 40 18 46 20
26 36 25 48 27 41 35 47 34 31 7 45 20 10 28 0 18 49 21 40 46 1 3 30 5 11 32
38 48 21 37 3 38 7 47 39 9 14 49 6 28 12 17 31 11 13 34 42 0 29 8 33 43 15 30 41 35 23 22 20 26 2 40 5 18 24
43 6 9 0 35 26 36 10 37 19 4 30 13 34 49 16 17 31 29 25 32 46 2 1 43 11 33 5 21 42 27 14 48 39 20 3 22 40 47 7 38 12 24 28
28 34 26 46 18 14 45 48 49 23 5 22 24 35 39 17 27 36 3 44 19 41 21 25 28 47 33 2 37
37 35 15 36 26 22 5 30 20 44 12 33 39 23 42 29 7 4 16 24 40 32 46 19 25 0 48 13 34 43 10 3 9 31 28 18 38 11
5 41 38 7 31 10
21 33 24 40 32 9 45 48 25 6 26 1 23 4 10 42 44 18 12 35 37 3
31 2 24 36 26 47 44 17 12 21 3 9 46 5 34 33 42 27 32 49 18 20 23 37 48 39 41 28 4 11 35 7
10 32 15 29 18 13 11 35 36 42 47
38 16 18 44 10 0 49 2 1 32 5 24 40 31 9 42 26 38 7 22 45 46 25 27 33 21 6 47 4 20 17 8 41 29 13 48 36 3 19
17 7 42 34 39 0 32 27 1 48 22 37 18 43 33 45 29 6
22 25 34 42 3 15 48 30 35 39 7 23 6 2 5 20 18 45 10 0 16 31 49
31 10 3 45 24 5 31 17 42 48 28 14 1 6 22 44 9 7 23 2 46 16 34 39 0 49 36 43 26 38 19 35
41 1 42 28 6 21 18 40 17 31 26 11 15 9 8 10 7 49 48 13 5 16 12 2 44 19 45 43 47 27 22 3 38 39 23 35 34 32 20 33 24 14
12 13 39 27 32 10 18 2 41 21 29 43 24
50
16 and (20 or 48) and 28 and (11 or 24)
(26 or 17)
43
(49 or 24) and (20 or 29) and 38 and 28
39
49 and 10 and (6 or 5)
28 and 7 and 10 and (40 or 15)
(16 or 10) and (41 or 13) and 42
(45 or 2) and (9 or 0) and (5 or 32)
1 and 40 and 18
6 and 9 and 39
24 and (29 or 6)
14
3 and 18 and (44 or 8)
35 and 49 and (46 or 11) and (39 or 45)
4 and (40 or 33) and 20
31 and 46 and 41
(12 or 4) and (14 or 21)
36 and 8
27 and 42 and 21
11
49
8 and 44 and 24
40 and (37 or 16) and 25 and 7
32 and 34
30 and 34 and 35
32 and (39 or 49)
24 and 48
28
(41 or 34)
34 and 38
(26 or 46) and 5 and 41 and (30 or 0)
(3 or 46) and (8 or 15) and (27 or 22) and 32
40 and 13
27 and 20 and 15
(37 or 9) and 4 and 38 and 46
42 and 30
1 and 9 and (0 or 3) and (14 or 33)
30
16 and (32 or 29)
(35 or 12) and 2
(44 or 13)
48 and 43 and (32 or 45)
(47 or 16) and 40 and (22 or 0) and 42
46 and 41
9 and 30
0 and 24 and (4 or 13) and (32 or 42)
(38 or 49) and (17 or 26) and 13 and 31
4 and 34 and 16 and (47 or 0)
43 and (12 or 44) and (49 or 34)
