100
84 52 66 24 57 65 94 46 30 39 69 71 2 60 95 13 15 97 22 40 99 54 14 41 16 61 12 5 27 29 64 37 26 63 53 17 56 87 91 58 55 0 90 96 50 8 10 34 88 25 83 44 6 18 47 74 1 32 82 48 75 76 23 33 3 51 35 78 98 43 38 59 80 28 9 67 93 92 77 89 85 4 11 73 36
88 81 6 57 21 86 77 80 51 14 31 96 64 18 91 65 40 98 37 45 85 33 19 94 0 92 3 5 32 67 49 30 8 88 52 46 89 9 55 76 38 70 1 84 73 20 60 69 35 78 10 93 23 44 36 11 28 63 68 7 56 4 53 72 13 62 75 27 25 2 58 97 66 29 17 50 79 39 16 83 43 95 41 15 99 47 26 87 59
95 37 58 38 29 83 74 43 16 98 39 30 32 48 22 81 59 97 90 15 82 92 40 5 3 18 84 9 28 89 21 41 52 17 34 49 77 31 71 79 76 25 55 66 23 7 68 50 56 60 62 94 80 8 91 63 51 19 27 88 11 12 96 57 86 93 4 78 46 54 72 36 33 6 70 35 42 24 99 45 20 85 0 64 69 53 14 47 87 13 1 75 10 44 2 95
88 22 10 8 35 61 51 94 31 25 90 82 71 53 36 0 21 60 16 59 24 49 28 27 29 34 45 6 95 67 65 17 5 13 75 93 81 38 85 68 37 7 70 26 39 48 73 41 18 9 32 89 1 63 33 86 69 91 74 54 77 43 30 72 56 42 79 57 50 84 46 4 19 14 2 52 99 87 40 97 83 98 11 76 44 62 12 80 20
45 84 52 81 71 20 41 74 12 33 79 78 61 96 26 30 91 38 68 40 60 22 65 50 57 47 42 86 45 2 98 28 6 48 62 1 64 72 63 92 87 73 94 43 85 16
34 36 71 23 25 84 30 56 22 52 87 97 83 80 34 3 99 0 44 43 50 76 65 18 24 31 21 45 48 94 57 93 42 20 58
85 59 10 67 25 65 52 77 29 83 88 14 22 99 33 72 48 12 44 69 98 89 82 95 27 85 71 66 94 62 4 7 96 8 6 13 1 18 5 24 79 34 26 42 30 0 37 54 9 20 75 16 63 17 47 50 57 53 93 11 68 3 76 19 97 58 86 32 35 31 84 46 40 23 92 2 74 43 41 49 87 38 15 91 60 73
14 40 65 3 93 35 14 24 76 33 98 49 23 1 88
67 98 56 57 9 21 95 33 34 17 76 32 14 88 31 93 19 39 86 15 49 92 78 77 50 11 97 16 28 67 60 42 27 87 43 38 82 53 51 24 91 18 5 84 58 55 90 1 46 66 35 54 83 44 13 40 12 71 65 6 72 48 2 22 79 81 0 10
89 64 81 0 87 22 94 32 70 52 4 90 12 9 3 61 10 93 11 80 1 91 15 30 60 66 89 53 26 67 5 86 18 83 13 85 69 95 14 21 39 29 56 31 33 55 36 25 50 96 88 2 51 74 97 68 23 62 71 45 47 35 84 46 19 34 59 37 57 75 20 92 42 72 48 7 27 99 40 65 6 17 58 41 77 54 73 24 38 8
75 12 36 46 40 27 77 49 13 35 42 44 97 57 8 38 59 32 1 45 48 25 10 34 23 86 16 74 99 19 68 61 90 95 11 78 88 83 76 9 7 54 37 3 20 41 87 67 84 58 69 85 47 21 71 55 70 15 91 81 89 6 30 82 26 73 56 79 94 39 72 0 18 4 28 14
21 27 89 11 53 25 7 29 73 82 39 61 98 19 48 32 22 91 28 51 94 88
10 80 8 39 53 45 10 82 66 99 98
37 80 66 47 3 93 12 96 70 72 64 27 78 29 40 30 48 52 82 67 45 68 63 20 57 16 34 53 23 36 61 1 71 84 87 81 50 95
97 65 73 22 4 47 90 70 59 42 88 96 91 49 15 40 44 27 99 19 87 48 2 6 50 41 69 57 29 11 31 33 25 43 39 52 17 37 7 1 56 10 98 76 21 83 61 81 85 16 12 74 80 3 38 36 62 24 67 28 63 8 75 64 68 23 46 18 66 71 77 35 97 34 95 20 78 51 53 30 5 82 84 92 79 58 9 72 26 86 13 54 32 55 0 14 89 60
94 77 82 43 16 28 48 84 26 46 18 14 95 99 23 5 22 74 85 39 67 27 35 36 3 94 98 19 91 55 71 75 78 24 17 47 33 2 25 86 73 37 72 15 76 30 70 12 83 42 79 7 54 90 96 69 89 92 50 13 57 65 34 0 60 53 9 31 88 61 41 81 10 40 32 59 45 56 1 44 68 62 87 52 97 21 49 20 63 66 51 38 6 8 29
68 98 86 13 16 33 91 63 96 4 1 44 3 66 42 19 12 57 84 89 50 82 27 51 48 72 87 68 43 45 29 6 75 34 15 30 35 7 73 25 85 52 5 20 18 55 95 70 10 0 81 99 36 60 53 74 31 67 92 28 64 56 59 23 2 46 14 39 49
51 36 51 88 50 28 19 35 56 1 42 78 6 21 18 40 17 31 76 11 15 59 58 60 57 49 98 13 5 16 12 55 63 52 94 45 43 47 8 61 27 69 77 22 7 53 66 89 23 65 84 82
66 40 17 70 33 49 69 44 51 56 62 74 13 93 73 8 31 81 20 95 32 43 64 27 39 82 10 68 2 41 21 29 24 96 66 48 78 61 1 76 67 28 91 94 99 35 88 97 54 89 6 38 0 55 75 57 83 60 15 50 80 92 86 90 59 53 5
38 58 27 6 41 9 69 39 93 98 24 59 29 16 65 14 82 21 3 4 18 99 44 8 51 57 35 75 49 11 96 5 89 95 70 54 60 90 33
31 20 6 12 81 2 46 59 41 73 69 54 26 64 71 13 7 86 8 27 39 42 43 21 60 3 61 28 96 99 30 44
58 11 44 38 74 43 68 90 37 16 20 75 76 40 57 81 39 32 84 70 80 83 4 35 91 48 49 53 10 88 86 78 36 21 93 9 34 14 46 33 5 64 56 30 50 15 66 52 96 8 65 77 22 1 28 63 67 25 27
20 6 15 87 22 9 50 59 4 42 38 94 96 93 63 92 64 80 81 1 51
14 75 0 53 48 14 33 52 32 80 9 66 63 82 29
14 35 85 12 59 52 4 84 44 13 54 22 48 80 93
24 32 45 75 46 97 16 3 90 62 72 50 92 57 55 96 91 5 25 9 36 80 63 6 65
19 81 54 13 84 82 24 92 23 45 38 49 95 67 26 35 60 31 19 46
74 67 84 48 66 0 47 90 1 93 89 12 94 57 99 11 42 34 82 96 44 58 2 9 16 63 55 45 62 3 76 49 70 75 79 69 27 31 14 18 26 38 51 56 41 36 59 83 20 64 92 98 10 33 65 53 72 32 40 15 52 54 23 46 22 25 60 85 68 8 91 28 97 21 80
59 0 36 99 56 46 50 44 21 97 73 15 98 10 52 14 54 81 61 41 71 43 89 68 49 3 47 53 18 48 76 72 33 65 1 35 28 30 22 80 60 66 2 45 96 67 16 37 63 55 31 64 7 91 86 38 40 78 13 12
65 17 38 10 76 11 25 53 93 43 42 64 48 41 5 67 32 7 14 31 9 85 69 12 83 74 87 60 66 78 44 22 84 58 80 40 45 21 75 35 61 24 26 96 90 36 3 56 8 47 4 63 92 79 51 71 86 89 81 99 52 28 20 50 95 55
90 92 66 32 51 91 64 86 24 48 87 81 9 80 1 15 61 82 11 78 57 73 70 71 17 29 19 68 53 95 99 46 5 56 83 2 18 58 98 22 94 7 93 45 89 72 26 62 31 36 12 28 60 30 10 23 8 49 84 38 77 76 85 41 65 63 96 21 90 34 20 43 88 97 75 59 27 6 35 69 47 39 0 16 37 67 74 50 55 40 4
16 36 7 72 78 83 69 64 43 37 32 88 29 40 4 58 91
45 34 62 20 58 8 99 3 11 71 75 61 51 64 95 29 59 19 4 30 89 67 36 48 27 98 81 63 7 70 23 77 88 87 32 35 45 16 40 84 5 31 79 86 37 57
32 61 76 24 42 81 28 17 47 3 84 11 2 23 18 57 49 0 80 8 35 19 87 29 6 89 45 64 97 40 13 46 82
60 83 67 15 91 26 74 78 82 4 6 47 49 75 46 56 21 28 84 98 8 34 1 33 42 55 63 66 16 31 50 70 99 10 40 38 76 17 52 95 90 87 2 57 85 22 23 18 44 64 97 27 93 80 81 39 43 45 0 72 89
65 99 49 54 89 82 64 72 59 5 85 4 39 40 74 10 41 12 56 26 73 94 3 8 0 50 43 9 60 79 1 86 45 38 55 24 63 87 13 80 83 88 33 34 84 18 35 30 14 67 90 57 70 97 29 23 36 62 42 37 95 66 2 44 81 46
28 70 81 37 97 54 29 63 77 10 49 8 84 67 71 38 68 83 94 47 53 88 91 98 57 50 22 1 19
50 47 24 82 8 88 52 85 51 64 73 89 77 53 34 94 31 28 21 78 75 13 67 63 42 4 44 37 5 45 72 27 50 36 70 60 17 91 58 74 6 14 9 33 23 12 54 40 71 18 56
48 16 83 57 21 63 52 55 79 48 0 44 27 41 64 75 91 88 36 73 62 28 51 77 40 12 76 95 93 60 13 20 37 54 17 78 53 59 96 89 29 70 81 38 80 94 50 43 11
90 1 5 89 88 81 4 71 74 59 31 62 15 28 65 11 27 98 94 63 48 32 19 37 17 80 41 16 97 87 21 75 61 29 43 72 64 38 33 12 35 93 58 53 18 50 14 7 66 10 47 96 78 85 55 44 82 46 83 52 8 70 99 20 3 9 91 49 23 25 69 92 22 57 77 34 26 84 67 60 68 39 54 36 90 42 40 76 73 30 24
33 70 82 1 31 16 78 18 9 17 74 15 95 60 54 87 92 96 51 3 12 69 41 22 40 86 20 99 79 56 37 71 29 57
58 7 6 11 77 68 2 94 56 80 97 65 36 1 85 20 28 39 87 76 12 19 55 38 60 48 79 8 83 42 86 57 26 25 24 91 14 43 75 67 32 52 66 89 17 3 10 62 23 78 59 9 21 27 93 22 30 0 29
55 98 62 52 9 86 60 8 72 78 27 69 82 88 41 47 48 1 90 87 30 13 24 31 76 64 96 89 6 68 14 19 79 56 75 45 44 29 25 55 73 2 37 18 12 20 71 40 33 28 85 46 77 70 63 35
64 20 6 30 23 58 56 32 48 50 11 28 33 83 98 99 75 10 47 5 26 13 73 61 93 22 46 90 84 88 74 65 4 94 19 95 39 67 16 57 36 71 96 80 9 42 1 2 18 37 14 54 89 76 41 0 55 60 29 27 79 78 51 15 81
48 6 98 31 79 16 76 26 90 22 34 85 49 17 61 36 86 19 66 57 1 14 13 63 93 55 47 83 42 99 50 9 58 92 84 73 96 74 52 38 51 54 40 35 95 20 30 46 24
31 77 35 37 96 97 22 12 7 79 69 71 42 56 80 54 78 9 48 73 87 31 34 39 24 95 46 2 40 16 74 52
81 30 15 85 17 20 56 14 0 94 22 43 31 95 89 25 48 2 32 40 83 16 5 91 3 41 93 81 80 61 19 28 26 90 9 38 1 99 71 60 78 86 27 13 92 8 7 44 47 68 70 59 54 39 88 24 64 57 58 97 49 53 45 33 12 82 73 69 51 77 18 46 50 63 6 76 37 23 72 21 84 65
33 27 21 80 52 63 40 61 93 13 73 85 10 35 69 9 46 20 81 59 68 25 29 33 95 23 86 34 75 58 55 56 16 37
47 43 65 25 82 89 5 7 40 4 54 36 95 18 46 64 76 8 14 66 96 53 45 22 28 92 94 32 58 55 70 72 19 47 50 87 90 41 83 48 99 59 44 13 85 78 37 38
30 95 57 41 1 37 31 28 53 62 50 17 56 77 59 84 94 64 27 96 36 14 82 61 45 85 9 7 91 98 5
13 3 82 24 53 79 42 98 59 25 57 86 9 91
18 99 48 14 82 95 70 42 46 64 34 90 47 68 88 23 76 79 31
73 28 42 54 31 87 49 67 70 0 30 32 99 51 77 44 55 21 64 25 29 71 22 66 27 7 23 35 98 26 62 11 1 15 90 43 33 95 92 59 46 16 79 34 41 65 75 94 96 81 2 91 24 76 84 68 61 45 89 47 72 58 20 19 82 9 18 37 73 40 88 57 8 17
48 87 0 46 54 75 35 89 58 24 70 26 4 19 51 73 33 13 76 88 97 90 53 11 93 98 64 68 29 59 66 77 84 69 8 39 30 49 62 94 86 3 27 63 56 14 95 43 44
39 13 37 1 20 25 94 21 42 27 22 98 8 36 30 76 33 82 38 44 54 80 7 58 91 0 29 24 4 69 12 10 63 70 50 35 26 75 67 84
80 94 71 9 61 13 26 67 32 12 93 82 58 88 22 59 62 78 60 31 83 27 52 53 51 80 28 77 5 73 37 50 36 38 66 19 40 23 45 81 63 54 41 84 75 72 69 1 97 42 43 47 91 21 57 64 85 0 24 3 76 89 14 87 10 48 6 17 18 44 15 92 4 55 65 56 46 25 20 70 95
34 43 11 29 87 92 21 37 91 40 61 88 36 94 86 73 55 0 65 46 85 42 70 5 51 95 27 78 26 14 2 13 25 39 38
86 83 17 29 88 96 89 87 55 26 58 14 74 38 95 84 5 7 98 91 70 52 97 23 53 36 28 44 77 46 31 45 22 82 39 80 15 59 71 56 50 40 60 41 81 34 54 57 66 69 33 63 86 51 4 64 16 3 90 32 9 43 73 24 30 47 79 13 65 19 35 67 93 11 76 20 48 72 68 8 27 85 10 21 2 1 75
75 26 63 33 5 47 16 88 74 97 21 7 34 41 78 93 55 70 83 12 56 60 15 11 40 6 86 51 4 54 95 76 92 90 48 28 32 25 45 66 2 19 89 22 14 9 29 71 30 46 99 59 57 50 79 20 73 23 1 82 84 38 36 62 42 58 64 43 35 39 31 37 17 75 91 24
44 25 58 69 44 54 14 42 96 66 89 87 75 43 41 35 29 64 4 32 12 76 53 98 13 95 56 83 93 11 60 20 0 70 86 5 57 22 23 48 30 36 7 34 16
26 40 26 20 90 74 76 46 38 96 91 89 80 14 25 37 86 57 75 36 4 87 60 45 43 17 82
30 7 87 37 86 55 91 61 90 17 4 36 34 30 25 95 71 45 58 10 96 42 32 51 24 43 11 21 56 44 85
68 8 76 35 70 83 48 94 44 6 45 15 91 40 11 12 79 96 74 41 86 9 90 80 38 16 57 64 24 21 92 78 42 17 99 67 65 97 58 7 66 84 82 19 43 53 23 93 0 71 30 10 27 69 63 33 95 26 88 22 56 14 36 20 87 3 4 50 73
24 69 9 43 61 91 15 99 77 67 88 24 28 89 19 59 72 6 85 18 21 98 52 37 35
78 6 26 23 69 33 95 55 24 8 71 20 47 30 75 21 42 99 22 76 36 27 82 83 58 79 86 5 37 59 10 11 25 48 53 3 50 74 92 80 94 93 46 43 62 98 56 35 77 38 19 70 18 97 85 91 78 68 89 40 51 4 88 63 66 2 9 7 67 31 39 1 16 60 54 28 29 49 73
72 50 17 86 8 97 69 48 15 46 57 76 55 67 23 22 32 4 87 84 52 79 73 92 0 60 68 70 47 90 28 7 42 6 18 10 98 20 82 31 66 21 40 49 88 3 78 16 96 26 81 37 71 61 95 14 24 9 89 30 63 2 94 25 62 29 54 99 34 74 93 80 1
19 21 15 88 23 52 45 17 92 38 42 61 26 31 49 94 91 10 47 60
76 2 18 9 74 63 39 53 49 4 30 83 81 17 22 41 57 92 35 94 73 14 42 1 19 82 84 85 75 20 52 10 66 31 91 60 99 59 69 11 8 67 44 26 47 37 76 89 34 45 27 36 71 88 55 38 61 33 3 6 80 79 87 40 24 54 78 64 15 62 7 56 70 98 96 77 68
17 89 19 65 84 97 77 96 14 93 32 21 87 31 44 56 74 91
64 49 59 58 31 85 3 87 99 57 9 32 51 6 5 4 63 21 95 42 69 40 80 1 23 70 88 67 41 79 84 30 71 7 89 39 33 11 50 17 78 18 65 12 92 66 10 56 44 35 60 83 19 86 37 98 90 81 77 52 96 62 25 53 13
25 94 52 64 41 38 76 25 9 23 90 47 68 96 80 3 72 1 85 86 84 4 34 81 8 62
17 76 86 6 41 67 87 53 50 59 70 16 34 66 29 82 80 13
15 75 48 0 90 20 58 71 95 67 85 68 76 98 31 43
34 89 52 32 13 27 97 53 41 54 38 71 68 61 16 67 70 66 75 86 30 96 92 99 4 40 7 18 15 47 49 80 56 88 79
27 55 47 32 30 44 2 19 23 0 96 48 18 39 28 54 34 71 1 38 43 69 97 42 63 99 91 92
76 65 48 66 29 91 86 9 84 59 56 43 27 26 72 47 79 10 35 8 38 11 97 69 55 32 30 14 3 21 85 0 37 58 5 25 96 61 12 22 15 93 98 92 50 23 16 33 2 77 75 20 13 87 81 82 70 90 28 73 60 6 83 39 49 1 24 95 17 68 7 51 71 99 89 64 53
77 18 90 83 34 93 85 55 17 79 15 8 50 22 43 66 24 82 10 81 44 0 75 87 60 23 47 42 9 35 16 25 99 68 3 39 61 64 59 58 48 95 40 31 54 97 7 38 89 46 51 1 20 29 33 26 32 6 98 36 80 5 65 4 77 76 94 49 14 28 30 12 37 53 67 52 92 71
80 88 85 92 39 48 6 26 44 3 17 95 55 93 79 21 1 5 77 86 76 82 45 12 32 27 54 18 25 42 97 70 58 31 23 89 8 90 16 56 33 71 13 50 63 28 46 84 7 67 81 87 83 59 91 99 34 73 37 72 43 4 64 78 94 49 96 22 61 57 69 35 66 60 80 29 51 75 41 74 14
78 93 21 6 14 56 24 3 35 79 9 0 1 10 17 8 78 39 7 4 22 49 29 72 94 54 89 44 62 37 87 66 53 28 57 98 61 26 75 5 33 20 32 58 91 50 48 15 97 80 70 83 76 13 31 92 25 59 40 68 86 23 38 2 19 51 34 73 42 69 16 90 12 81 88 63 84 82 65
28 50 24 36 19 11 73 75 27 97 40 49 96 51 60 98 8 65 20 29 3 16 45 94 76 53 33 44 68
33 83 41 95 27 62 61 73 86 8 91 34 19 55 53 70 43 47 74 42 75 76 48 3 12 11 6 71 59 37 52 88 21 1
82 27 74 87 5 48 14 43 71 99 52 81 64 53 33 49 57 40 34 96 2 37 0 73 91 26 85 88 4 28 60 9 78 12 61 68 15 77 17 45 95 56 16 29 59 97 84 44 80 86 21 66 58 92 18 65 13 89 83 39 54 1 11 6 55 50 30 67 72 24 51 70 46 35 20 94 79 19 98 47 93 82 36
89 50 49 29 2 28 74 71 89 48 94 11 61 56 83 34 43 1 57 38 92 91 63 31 24 75 8 67 76 35 10 80 21 70 33 98 44 42 69 95 65 52 17 99 59 0 16 87 26 64 85 88 20 73 47 13 68 66 39 14 4 77 86 97 53 40 90 96 23 25 18 93 15 84 36 62 45 58 7 41 82 60 6 32 19 78 37 12 9 27
43 70 35 52 17 78 79 2 71 65 60 21 77 22 11 56 18 59 12 49 61 4 38 68 62 72 48 43 28 10 90 96 6 32 29 80 27 82 85 23 58 46 81 0
30 78 59 8 61 76 22 40 25 70 32 75 49 62 98 15 87 47 69 50 2 93 57 30 0 72 29 1 81 55 23
50 25 96 48 50 41 63 98 19 24 87 54 17 26 42 80 72 70 95 0 40 64 69 29 10 14 23 99 77 4 8 33 2 20 88 94 49 12 83 6 31 53 16 43 67 28 89 59 78 74 27
34 91 59 63 4 42 93 85 80 82 31 96 40 78 70 77 72 14 68 90 13 62 2 53 69 49 86 5 38 24 67 97 21 1 3
89 61 53 34 3 63 72 15 87 20 81 90 64 23 33 91 73 62 10 29 41 13 59 99 70 58 1 30 67 92 42 94 9 93 40 89 57 52 18 43 7 98 88 28 39 49 56 44 68 2 85 77 14 21 60 54 6 50 51 35 86 37 32 97 69 80 48 75 45 82 26 12 95 0 5 36 83 78 8 24 71 47 27 22 38 55 11 19 31 65
82 7 60 54 43 2 23 5 52 45 31 65 20 89 67 73 21 33 0 4 25 3 32 93 9 19 74 53 22 8 27 64 30 76 1 75 50 47 90 28 56 98 46 40 37 69 80 99 55 24 61 77 70 11 14 63 87 41 72 51 10 29 26 38 36 84 62 68 39 94 13 17 83 91 18 78 16 85 79 81 59 48 95
76 26 76 2 40 12 67 99 30 73 92 17 87 10 81 86 94 41 44 91 8 19 1 22 48 28 7 24 57 71 11 51 14 54 52 78 39 21 69 46 64 90 6 88 15 32 66 29 27 72 58 82 13 95 56 74 83 16 75 98 18 25 84 96 3 97 9 85 62 47 33 31 49 80 45 53 55
29 26 70 51 30 79 12 68 28 78 25 94 65 8 47 44 95 53 58 93 38 41 11 88 20 87 66 42 54 34
60 83 55 17 28 68 84 44 15 60 87 41 77 31 24 37 1 59 69 78 90 52 33 25 38 63 46 76 48 43 53 96 89 7 20 8 2 10 11 67 45 54 23 47 0 9 19 39 62 61 75 65 3 82 35 4 21 26 93 97 18
29 63 67 46 85 50 31 86 24 80 56 32 77 83 37 30 65 17 0 96 9 38 75 74 72 45 23 15 88 35
78 67 11 74 28 37 46 19 98 9 44 68 58 87 95 69 80 63 8 10 36 0 61 40 26 2 35 56 73 13 5 85 76 51 81 75 15 25 32 42 21 49 84 18 79 6 92 60 83 48 97 53 33 38 41 65 77 43 34 24 7 45 94 39 52 47 99 89 50 64 1 66 16 91 31 54 55 17 78
99 38 23 91 5 40 55 87 26 0 51 70 6 10 90 22 92 45 80 44 25 14 98 34 93 50 94 43 1 54 96 58 83 88 81 33 75 61 12 30 82 86 89 62 85 4 16 19 49 9 78 57 7 63 18 76 52 2 65 42 68 8 28 24 71 31 32 47 97 66 73 84 39 35 11 21 37 67 53 29 46 36 74 3 72 69 59 79 64 60 95 99 17 77 48 27 13 56 15 41
97 36 21 62 33 90 73 60 58 66 43 2 40 78 11 93 98 97 61 20 53 10 37 34 94 75 67 86 56 72 49 71 42 82 25 23 47 89 54 77 50 16 3 7 31 57 64 46 18 48 30 83 28 6 27 63 68 13 74 76 0 79 70 81 80 1 4 5 44 84 99 35 14 69 9 52 38 22 15 39 51 87 95 8 55 59 92 85 45 65 32 17 96 19 29 26 88 12
79 95 10 26 22 49 21 27 6 4 56 41 9 89 85 93 79 50 34 70 59 77 65 62 99 20 92 97 68 82 51 91 46 33 58 88 8 44 53 76 29 36 54 11 71 23 38 80 12 30 83 17 35 42 61 32 13 39 78 5 28 75 48 72 3 84 40 19 66 64 43 37 2 98 94 96 57 47 67 14
23 33 65 16 78 74 49 55 60 91 52 40 83 77 13 93 25 99 50 64 5 76 30 8
89 16 25 67 84 91 71 38 77 63 10 61 33 30 26 21 89 48 76 49 13 95 50 1 62 44 60 99 72 97 74 59 52 12 29 5 42 56 22 58 9 64 82 2 28 98 57 53 19 70 4 41 80 81 93 96 24 54 88 27 20 79 36 92 0 31 18 23 40 51 90 66 14 39 85 69 78 68 7 65 87 6 55 75 83 73 37 34 32 47
97 95 34 35 0 3 41 98 40 65 71 20 68 24 93 82 77 15 21 64 29 74 46 6 87 47 36 18 66 9 72 88 42 27 13 81 10 89 4 2 26 38 73 59 49 56 19 63 17 43 86 55 70 5 78 39 37 80 96 22 58 31 44 25 16 30 33 14 50 8 45 57 97 53 32 99 51 85 61 92 7 1 94 69 48 11 90 67 12 54 23 60 83 75 91 62 28 76
100
5
(74 or 89) and 18
7 and (76 or 25) and (57 or 64)
(58 or 90)
37 and 87 and 36
85 and 15 and 78 and 67
49 and 68 and 62 and 80
2 and 99 and 32 and (13 or 9)
40 and 18 and 75 and (9 or 39)
(59 or 49) and 11 and 1 and (52 or 61)
(96 or 54)
20 and 90
63
(74 or 41)
(0 or 18)
75 and 16
12 and 5 and 33
73 and 90 and 84
12 and (21 or 97) and 95 and (53 or 52)
83
48
(16 or 30) and 90
(56 or 90) and 61 and 3
(7 or 58) and 16 and 25
(22 or 36) and (89 or 94) and (97 or 20) and 53
(58 or 42) and 2 and (52 or 8) and 96
(87 or 36) and (4 or 85)
(6 or 18) and 30 and 87 and (41 or 40)
69
(8 or 9) and 23
47 and 37
(33 or 23)
(12 or 95) and 26
(41 or 78) and 81
3 and 9
(21 or 57)
71 and 52 and 69 and (91 or 73)
47 and (33 or 10) and 80 and (54 or 11)
96 and 51 and 81 and 93
(45 or 49) and 93 and 24 and 97
14
8 and 7 and (68 or 62) and 66
87 and 74
39
12 and 2 and 75 and 56
(87 or 97) and 5 and (51 or 28)
27 and 1 and 47
(40 or 94)
85 and 96
71
16 and (41 or 66)
62
19 and 48
79 and 30
91
57
61 and (85 or 13) and (67 or 41)
(61 or 29) and 41 and (85 or 5) and (95 or 39)
(53 or 77)
69 and 2 and 78
(86 or 90) and 97 and (6 or 46) and 52
85 and (10 or 24)
6 and 34 and (94 or 79) and 31
60 and 72 and (81 or 49)
83 and 37 and (47 or 49)
(78 or 97) and 75 and 63 and (20 or 7)
51 and (97 or 54) and 45
58
46
(75 or 26) and 13 and 14
(28 or 6)
(20 or 37)
(6 or 59)
47
(99 or 75) and 24 and (47 or 31) and (95 or 74)
27 and 21 and 80
32 and 46 and (96 or 3) and 88
49
20 and 57
88
77
(28 or 98)
66
(79 or 92) and 44 and 64 and 1
(64 or 61) and 4
(62 or 41)
79 and 73 and 71
30 and 66
(64 or 55) and (28 or 15)
87 and 69 and (38 or 76)
89 and 62 and 79
58
(45 or 86) and (87 or 64) and (56 or 44) and 25
40 and 54 and 39 and 81
48 and (32 or 16)
90 and 27
27 and 73 and (37 or 80)
25 and 59
57 and (90 or 7) and (38 or 34)
(19 or 69) and 63 and (30 or 76)
